B1

135 133 124 132 104 152 134 130 129 120 122 124
117 123 123 129 121 122 125 131 147 124 137 112
126 128 111 129 116 147 131 132 137 119 125 120
129 125 123 127 132 118 133 132 132 134 131 120
135 132 125 132 108 114 121 133 133 135 131 125
114 115 122 131 125 132 120 126 115 117 118 118 
132 134 127 127 124 135 128 127 115 144 129 120 
137 127 125 116 132 120 117 127 118 109 127 122
120 135 116 118 133 136 125 126 119 126 129 127 
129 124 127 132 126 131 127 130 126 124 135 127 
124 123 123 130 132 143 122 139 120 134 108 132 
121 111 123 140 137 120 125 131 118 120 120 136 
129 127 116 138 128 133 122 131 128 140 138 134 
120 126 109 137 111 115 117 130 113 126 115 124 
125 118 115 128 123 129 128 120 115 134 118 135 
134 


B2

 95  96 103 89  72 105  85 85 91 101  82  91
 80  85  91 87 101  94  98 85 82  94  86  72
 89  83 100 86  85  95  95 83 87  92  92  79 
 93  88  77 92  92 103  85 90 83  86 104 104 
 85  85  80 95  91  93  70 83 93  95  95  78
111  95  94 84  64  87  85 87 87  81  82  97
101  86  89 80  88  85  93 79 95  90 107  93 
 96  83  88 91  95  94  88 80 96  93  77  71 
 88  97  90 86  93  91  98 95 83  84  91  99 
109  80  95 87  89  85  87 72 77  90  97  87 
 95  91  88 91  81  88  78 75 80  97  95  83 
 91  78  87 92 103  77 101 66 71  90 105  76 
 97  75  95 88  84  96  79 89 94 100  87 100 
 92 100  79 96 104  84  89 82 93  92  85  80 
104  87  90 85  89  83  84 98 81  97  86  81 
 96  82 102 73 100  81  86 84 86  88  90  94 
 81  99 100 81  95  88  90 87 97  90 100  94 
 88  85  95 74  85  88  78 97 74 


B3

29 22 16 20 16 18 28 20 32 22 23 26 10 25 25
29 29 19 12 26 18 20  9 24 20 19 26 23 11 26
30 23 30 18 20 13 17 24 28 26 21 21 26 24 36
23 24 25 20 23 17 11 22 19 19 25 29 23 16 25
15 18 17 19 21 12 24 30 33 22 15 18 26 22 19
25 23 21 22 22 25 16 25 19 17 30 13 25 19 24
17 24 16 23 15 22 22 19 20 19 33 14 17 21 16
24 13 20 19 17 13 27 25 25 19 22 22 22 23  9
11 22 24 18 19 18 31 16 18 24 14 23 26 25 19
23 24 21 26 25 18 16 30 16 24 13 14 18 22 22
28 18 21 27 31 23 23 27 21 21 22 34 24 20 24
21 32 16 18 15 22 15 15 22 18


B4

 58  78  84  62  63 100  55  90 102  70 66  89
 71  92  71  93  83  42 110 110  56  96 95  87 
 88 102 104  88  64  96  92  67  78  95 71 105 
 50  66  73  76 100  72  86  46 102  95 98  84 
 82  46  60  94 109  93  79  74  62  97 94  91 
 81  71  89  78  85  80  93  64  65 109 89  55 
103  98 108  68  65  71  82  70  84  73 65  79 
 99  81  92  76  82  95  75  45  94  81 84  68 
 77  90 103 119  57 102 100  83  68  69 68  81 
 83  69  90  99  69  85  84  70  8O 117 76 104 
 78 114  79  70  56  62  73  71  77  98 86  82 
 54  62  82 103  91  61  93  68 109  96 67 110 
 84  82  56  78  80  88  66  78  65  50 88  72 
 94  92  89 109  69  58  75  72 101  92 75  77 
 85  76  85  84  68  74  78  87  69  75 61  53 
 70 106  68  61  61  64 100  73  74  57 63 102 
 96  80 


B5

34 14 14 10  9 29 27  1  4 17 23 13 18 17 22 
 1  8  9  3 11  6 26  6  8 16 19 22  8 23  5 
17 21 20 17 16  3  6 25  0  4  5  6 21  2  8 
 6 11  3  2 17 13  8 27 11  3 12 12  1 25  4 
19  8 29  0 13  0  9 26 19 29  9 22 30 13 19 
 1 10 20  7 21 10  8  5  2  9 10  1 12  8 35 
11 15 13  2  5 12 11  9 34  9  2 20  4  2 19 
31 31 11  7 23 20  2 13  3 13  7 15  8  9 19 
 8 12  8 30 22 18  9 19 17 28 26  6  7  0  9 
 7 11 20 23 12 19 52 1O 32 29 33  3  8  5  4
 9 18 16  0  8 25 32 26  1  5  6  5 21  9 17 
21 33  7 19  2  6 14  8 14 27 16  6  8  2  3 
16 22  7 13 20 18  1  4  4  2 20 14 28  9  2 
34 16  9  5 20  8 25  7 19  5 12  2  5 25  1
 6  7  4 13  3  2 24  5  4 25 30 21  7 27 12
36 13  2 18


B6

324 296 313 323 312 321 322 301 337 322 329 307
301 328 312 318 327 315 319 317 309 334 323 340
326 322 314 335 313 322 319 325 312 300 323 335 
339 326 298 298 337 322 303 314 315 310 316 321 
312 315 331 322 321 336 328 315 338 318 327 323 
325 314 297 303 322 314 317 330 318 320 312 333 
332 319 325 319 307 305 316 330 318 335 327 321 
332 288 322 334 295 318 329 305 310 304 326 319 
117 316 316 307 309 309 328 317 317 322 316 304 
303 350 309 327 345 329 338 311 316 324 310 306 
308 302 315 314 343 320 304 310 345 312 330 324 
308 326 313 320 328 309 306 306 308 324 312 309 
324 321 313 330 330 315 320 313 302 295 337 346 
327 320 307 305 323 331 345 315 318 331 322 315 
304 324 317 322 312 314 308 303 333 321 312 323 
317 288 317 327 292 316 322 319 313 328 313 309 
329 313 334 314 320 301 329 319 332 316 300 300 
304 306 314 323 318 337 325 321 322 288 313 314 
307 329 302 300 316 321 315 323 331 318 334 316 
328 294 288 312 312 315 321 332 319 

B7

61 59 60 50 58 71 57 61 55 75 68 65 63 68 60 
66 52 70 69 62 58 56 54 65 61 67 64 58 61 64 
71 60 51 54 57 56 55 57 65 56 61 49 67 64 59 
65 63 72 67 54 53 58 69 63 66 55 57 68 53 61 
55 69 54 64 54 61 66 65 57 60 72 62 68 61 62
52 62 55 70 72 64 71 54 58 71 66 65 66 62 68 
60 64 63 61 60 64 65 68 64 66 69 53 67 59 62
60 63 65 60 66 68 66 64 64 67 62 55 65 62 60 
55 65 56 57 72 53 62 68 63 57 55 68 59 61 63 
62 63 62 59 67 56 65 67 56 69 63 53 55 67 61 
54 68 59 63 67 57 64 68 74 64 64 


B8

78 85 52 53 62 56 58 68 98 58 94 84 57 68 64
61 64 62 53 89 66 54 62 57 64 66 35 53 73 57 
62 54 75 52 59 72 54 66 46 44 57 63 86 63 61 
59 54 83 53 71 64 60 48 77 47 51 54 60 67 85 
54 66 64 82 78 70 88 61 63 77 41 62 69 60 64 
64 66 80 71 53 99 58 63 43 56 51 70 73 76 73 
60 58 59 67 53 56 74 71 86 30 55 58 67 76 69 
73 85 50 63 50 74 78 60 78 68 72 65 87 62 72 
51 68 65 64 72 72 70 70 78 50 56 66 73 67 60 
65 59 64 58 71 76 51 52 67 71 61 73 45 82 64 
63 53 76 58 58 77 68 67 60 69 64 53 70 79 79 
80 53 83 51 46 63 74 45 73 70 92 79 82 73 64 
69 56 48 64 75 62 67 49 58 73 52 64 67 57 40 
70 64 75 78 59 51 86 74 72 43 53 65 53 98 64 
66 54 70 81 47 68 85 93 70 51 71 87 56 63 49 
79 46 54 49 63 96 63 61 82 61 


B9

56 76 65 66 76 62 89 48 62 50 47 80 67 87 78 
55 67 51 73 75 61 88 46 57 65 60 72 28 75 51 
69 68 65 34 77 63 57 61 42 85 49 41 62 63 80 
62 65 75 56 66 92 60 43 52 80 68 70 76 62 55 
42 87 81 67 65 81 90 38 58 60 79 79 50 64 70 
58 77 73 54 58 77 86 52 61 42 70 93 54 65 51 
53 64 65 76 88 59 62 67 62 90 88 69 61 81 65
72 58 68 94 54 58 58 81 57 70 71 78 52 93 89 
57 68 70 58 72 57 62 63 87 61 91 57 57 66 68 
40 63 86 48 75 66 83 64 55 75 65 67 54 70 44 
51 86 67 58 73 71 46 86 68 79 50 58 66 69 61 
64 78 78 60 46 71 71 74 79 65 61 62 84 53 67 
83 43 64 67 50 60 83 61 83 67 67 58 46 73 58 
47 76 81 72 66 83 73 71 70 60 68 52 51 63 63 
75 61 80 51 63 62 46


B10

71 62 43 80 70 44 42 25 48 55 58 44 74 55 56
49 54 63 60 57 70 52 74 65 61 60 72 69 68 47 
30 62 81 56 55 38 68 55 74 50 29 35 55 52 27 
58 50 62 80 49 68 68 81 66 64 41 45 48 68 79 
56 82 76 84 47 44 72 58 58 80 61 55 66 36 69 
44 88 88 73 39 70 70 35 51 69 50 59 35 43 71 
54 65 85 63 59 52 88 64 60 61 31 64 48 49 50 
41 62 42 76 81 76 70 76 75 53 66 87 74 61 68 
73 44 61 53 46 69 71 58 63 73 56 65 53 77 39 
83 45 55 77 61 42 72 49 52 67 62 68 72 46 76 
67 53 70 76 56 62 38 59 53 50 76 52 73 34 51 
60 61 
 


